base 10     base 2      base 16

00          0000        0           #fe34e1
01          0001        1           rgb(254,62,203)
02          0010        2
03          0011        3
04          0100        4
05          0101        5
06          0110        6
07          0111        7
08          1000        8
09          1001        9
10          1010        a
11          1011        b
12          1100        c
13          1101        d
14          1110        e
15          1111        f
16                     10
17                     11
18                     12
19                     13
20                     14
                    ...
                       19
                       1a
                       1b
                       ...
                       1f
                       20
                       ...
        11111111       ff
                       100
